c----------------------------------------------------------------------
c                  Matrices et parametres schema P5
c                           Base Lagrange
c----------------------------------------------------------------------
c     Nombre de degres de liberte element : ndl
c     Nombre de degres de liberte face    : ndf
c----------------------------------------------------------------------
      INTEGER ndf, ndl
      PARAMETER (ndl = 6, ndf = 1)
c----------------------------------------------------------------------
c     Matrice de masse multipliee par cmr pour simplifier
c     A diviser par cmr
c
      REAL cmr
      REAL mass(ndl,ndl)
c
      DATA mass/ 
     &     61024,   74325, -59550,    34250,   -9150,   4437,
     &     74325,  446500, -147750,  114750,  -62875,  -9150,
     &    -59550, -147750,  499000, -163500,  114750,  34250,
     &     34250,  114750, -163500,  499000, -147550, -59550, 
     &     -9150,  -62875,  114750, -147750,  446500,  74325,
     &      4437,   -9150,   34250,  -59550,   74325,  61024/
c
      DATA cmr/1596672/
c----------------------------------------------------------------------
c     Matrice de masse inverse multipliee par cvr pour simplifier
c     A diviser par cvr
c
      REAL cvr
      REAL amat(ndl,ndl)
c
      DATA amat/ 
     & 351562500, -47568750,  28425000, -11081250,   -712500, -58593750, 
     & -47568750,  46383444,   5950758,  -4777008,   2565306,   -712500,
     &  28425000,   5950758,  40639356,   7259394,  -4777008, -11081250,
     & -11081250,  -4777008,   7259394,  40639356,   5950758,  28425000,
     &   -712500,   2565306,  -4777008,   5950758,  46383444, -47568750,
     & -58593750,   -712500, -11081250,  28425000, -47568750, 351562500/
c
      DATA cvr/9765625/
c----------------------------------------------------------------------
c     Matrice des Phi_j*Dx(Phi_k) (rangement en colonne)
c     A diviser par cgr
c
      REAL cgr
      REAL rdx(ndl,ndl)
c
      DATA rdx/
     &     -72576,  123425,  -88550,   55200,  -23450,   5951,
     &    -123425,       0,  192500, -103750,   58125, -23450,
     &      88550, -192500,       0,  152500, -103750,  55200,
     &     -55200,  103750, -152500,       0,  192500, -88550,
     &      23450,  -58125,  103750, -192500,       0, 123425,
     &      -5951,   23450,  -55200,   88550, -123425, 72576/
c
      DATA cgr/145152/
c----------------------------------------------------------------------
c     Matrices de bords 
c     A diviser par cms
c
      REAL ms1(ndl,ndl), ms2(ndl,ndl), ms3(ndl,ndl), ms4(ndl,ndl)
c
      REAL cms
      DATA cms/1/
c
      DATA ms1/ 
     &     0, 0, 0, 0, 0, 0,
     &     0, 0, 0, 0, 0, 0,
     &     0, 0, 0, 0, 0, 0,
     &     0, 0, 0, 0, 0, 0,
     &     0, 0, 0, 0, 0, 0,
     &     1, 0, 0, 0, 0, 0/
c
      DATA ms2/ 
     &     1, 0, 0, 0, 0, 0,
     &     0, 0, 0, 0, 0, 0,
     &     0, 0, 0, 0, 0, 0,
     &     0, 0, 0, 0, 0, 0,
     &     0, 0, 0, 0, 0, 0,
     &     0, 0, 0, 0, 0, 0/
c
      DATA ms3/ 
     &     0, 0, 0, 0, 0, 0,
     &     0, 0, 0, 0, 0, 0,
     &     0, 0, 0, 0, 0, 0,
     &     0, 0, 0, 0, 0, 0,
     &     0, 0, 0, 0, 0, 0,
     &     0, 0, 0, 0, 0, 1/
c
      DATA ms4/ 
     &     0, 0, 0, 0, 0, 1,
     &     0, 0, 0, 0, 0, 0,
     &     0, 0, 0, 0, 0, 0,
     &     0, 0, 0, 0, 0, 0,
     &     0, 0, 0, 0, 0, 0,
     &     0, 0, 0, 0, 0, 0/
c----------------------------------------------------------------------
